369
149
31
319
321
747
877
330
713
134
226
991
534
195
490
362
667
44
290
447
367
698
465
939
274
423
676
878
119
467
352
796
355
970
472
847
300
998
503
595
596
149
639
733
53
297
200
553
438
88
828
366
836
89
335
64
44
10
404
898
332
584
586
246
129
331
237
187
675
797
409
2
53
720
578
469
833
481
118
715
688
885
324
284
815
694
982
934
797
938
162
514
561
352
447
134
360
191
194
184
236
877
887
259
400
841
197
577
975
670
498
398
733
845
638
588
862
110
20
656
882
498
315
321
850
607
827
912
412
753
842
320
681
354
206
692
320
894
933
655
196
213
504
852
40
357
350
82
595
404
525
123
166
79
11
714
739
106
930
967
983
5
698
553
96
543
385
111
210
529
461
890
522
241
138
194
822
9
639
547
412
500
435
699
14
805
717
627
991
372
889
232
832
150
534
582
59
896
844
992
185
695
379
214
455
359
134
331
986
621
567
705
43
539
908
292
838
265
559
488
444
522
507
471
985
170
98
147
576
953
987
388
802
52
481
519
325
865
879
188
905
797
408
130
478
277
515
73
625
261
867
267
165
631
236
720
758
755
337
524
50
527
643
607
32
636
100
946
810
86
434
457
710
749
279
961
151
756
44
62
748
838
422
233
254
360
97
166
437
894
824
46
892
606
735
333
304
283
224
713
600
511
513
125
942
697
335
746
500
486
724
529
466
31
723
959
124
247
716
125
751
424
667
947
308
969
995
585
909
581
448
898
693
346
450
237
780
21
334
505
360
591
174
604
47
598
600
680
489
267
76
51
210
763
510
465
117
804
724
400
956
766
754
696
651
291
65
485
981
156
934
562
447
594
22
140
824
822
327
208
658
805
314
154
506
140
965
907
402
107
829
237
97
905
0
575
616
5
568
328
285
188
772
249
556
995
880
60
345
594
661
843
771
203
540
894
434
647
243
101
201
196
970
462
615
324
967
267
695
52
141
707
991
423
291
435
381
831
465
897
37
816
974
541
744
17
813
140
823
967
461
451
829
464
575
548
770
201
507
408
507
61
371
57
7
538
441
275
397
617
316
191
505
586
486
138
869
538
721
544
212
754
143
145
322
629
73
902
151
989
423
907
594
587
422
496
954
241
440
973
480
222
238
929
40
549
472
959
303
42
132
590
430
971
805
268
332
734
291
974
802
77
944
254
847
730
827
194
444
96
877
525
130
993
225
108
415
550
457
759
672
294
483
449
200
477
682
398
487
400
313
937
190
435
258
143
398
751
541
275
176
331
636
287
775
998
947
91
594
567
141
886
573
777
761
622
663
398
540
77
151
318
912
26
303
516
65
337
771
901
384
201
155
158
985
543
91
762
695
852
19
725
792
72
19
423
859
33
855
560
381
868
352
340
490
182
458
316
953
832
306
145
337
669
960
261
311
178
642
744
666
601
121
636
541
201
348
293
267
445
874
128
314
807
406
631
549
841
195
559
85
160
734
798
275
478
603
260
148
882
648
981
414
6
206
647
202
61
981
879
663
151
183
714
358
114
357
947
197
615
869
584
363
462
85
761
914
726
386
638
474
821
313
396
753
745
702
60
57
665
875
711
258
570
936
922
479
922
225
978
813
587
277
301
60
36
738
557
434
90
38
945
381
182
929
161
599
43
310
910
399
255
632
59
265
884
521
372
855
153
662
882
832
441
398
361
663
792
753
782
424
630
110
215
131
73
300
265
130
99
738
536
687
829
914
463
663
758
119
804
715
13
656
223
37
615
917
935
695
173
462
657
38
237
747
558
270
939
238
463
608
411
589
480
639
398
203
766
376
871
998
478
310
441
163
636
237
407
821
364
799
391
573
817
947
748
372
664
627
630
27
456
220
8
115
288
809
878
465
580
920
169
481
486
326
9
323
133
78
990
3
869
948
26
130
730
488
398
579
538
998
816
256
207
811
110
138
877
290
793
918
710
644
633
245
7
597
953
957
199
107
375
883
612
362
450
562
761
747
760
564
392
131
803
727
656
695
328
699
931
550
420
648
191
438
74
509
407
928
885
699
693
664
463
864
406
261
156
711
874
471
742
556
574
758
589
333
592
782
955
188
22
256
505
34
700
509
674
390
640
739
290
714
252
986
162
854
783
216
795
662
912
32
996
118
496
90
969
654
194
300
434
81
306
669
558
311
280
850
130
91
912
162
51
46
918
68
531
930
987
392
106
251
167
587
981
279
242
252
580
519
979
827
570
317
643
777
174
549
679
435
329
481
401
264
875
140
258
802
703
528
278
89
927
722
707
683
29
955
807
416
408
402
302
121
735
837
405
408
989
327
62
107
673
931
944
18
584
518
178
280
530
835
987
119
846
16
865
716
66
773
277
985
123
677
487
761
885
452
188
974
799
313
680
590
343
414
561
396
997
466
234
851
247
951
464
486
49
847
613
482
438
82
966
597
575
642
291
831
207
343
27
894
473
783
866
505
814
341
752
322
447
218
998
862
219
657
192
249
709
532
858
874
110
301
632
942
474
278
806
664
650
962
112
710
677
612
39
791
651
477
401
936
480
972
315
694
457
189
670
749
799
844
36
727
333
922
349
113
231
966
290
487
841
376
645
464
641
750
331
844
858
889
223
529
542
178
213
589
759
790
711
198
370
313
863
813
960
742
626
937
218
165
205
24
353
133
615
481
248
512
579
764
318
510
288
274
140
474
351
17
727
345
792
96
42
160
384
985
883
149
259
76
72
46
355
648
486
694
419
652
942
302
522
500
924
312
487
791
397
894
181
477
709
713
931
718
659
430
475
350
1
938
236
940
531
751
287
778
563
143
459
342
727
212
245
623
552
866
615
452
391
612
643
358
510
387
517
557
969
101
163
120
671
130
33
358
737
762
621
298
581
115
292
932
383
454
895
593
837
984
998
172
166
422
518
310
238
386
10
705
952
299
884
731
441
833
662
190
117
261
410
220
480
710
522
624
19
208
812
247
872
391
350
645
180
754
18
843
57
347
406
486
933
882
203
580
506
585
703
928
323
131
241
493
527
621
241
822
189
302
937
235
629
715
908
945
663
555
738
81
890
89
301
864
930
488
339
142
103
401
792
287
759
463
966
224
695
132
36
788
763
124
753
580
191
327
204
100
409
573
794
34
566
377
642
674
261
488
936
949
436
155
36
336
509
551
174
753
132
854
81
972
832
902
609
283
603
688
866
924
952
275
263
748
24
751
971
169
673
973
751
358
724
211
1
247
617
782
693
28
161
872
786
155
240
161
364
894
805
353
602
747
639
123
620
842
206
70
290
33
267
437
987
411
492
990
265
528
600
24
781
886
619
565
301
629
103
471
511
352
256
375
672
238
914
464
781
152
57
610
949
470
357
827
329
963
328
232
385
415
13
857
5
226
886
66
460
701
186
693
805
557
57
717
79
657
158
430
975
899
632
336
870
596
940
170
492
775
235
796
949
615
68
756
494
908
493
818
989
545
323
143
906
393
868
768
605
600
893
289
789
950
77
964
722
774
173
296
712
533
402
918
385
989
193
367
894
433
429
938
914
307
464
138
755
769
508
459
725
479
93
557
180
541
941
905
381
553
675
992
458
56
913
539
993
453
880
317
993
636
370
565
896
680
292
352
843
296
710
651
146
841
848
270
823
53
907
411
163
321
90
558
22
380
635
791
897
707
293
234
89
689
663
776
459
972
467
134
926
211
14
603
697
75
604
312
18
465
308
79
168
841
6
334
94
733
885
669
221
890
165
714
645
540
425
782
431
282
265
409
521
172
999
416
831
657
181
903
826
629
196
73
392
751
59
436
169
208
378
50
425
303
986
265
422
770
500
284
8
943
314
643
303
249
718
318
310
782
581
791
627
237
415
652
655
117
637
116
864
216
960
353
272
222
306
667
506
54
587
870
953
360
491
705
237
837
574
864
499
728
945
252
503
830
64
365
129
592
249
921
841
977
208
679
904
371
560
420
165
356
123
271
72
758
966
840
366
117
420
930
906
873
6
258
644
259
668
543
441
348
714
889
583
160
937
871
651
970
600
977
289
9
624
555
999
288
601
770
815
36
492
729
679
230
614
341
566
616
902
983
141
716
372
423
231
200
805
534
791
830
687
692
573
112
597
527
436
192
303
389
211
942
986
209
821
339
423
217
872
969
395
592
271
317
835
24
300
757
177
975
502
396
655
450
834
117
159
823
233
164
676
52
782
279
825
773
602
75
820
626
262
195
959
559
660
892
739
702
491
220
448
215
61
832
86
247
398
436
217
102
387
830
173
922
5
396
830
554
737
475
130
821
893
929
893
264
81
802
280
374
567
343
616
809
184
518
630
263
605
826
416
697
366
826
812
37
331
951
668
779
61
63
419
564
336
784
962
822
712
414
231
404
100
572
314
146
715
945
821
431
906
666
592
243
511
486
535
783
525
903
264
804
572
899
868
948
20
386
146
669
70
138
314
236
735
455
749
150
410
502
926
657
337
384
637
585
120
740
64
622
318
325
526
59
416
187
634
849
900
221
472
722
55
892
655
418
979
962
147
512
361
177
270
26
854
353
578
902
93
305
629
277
434
815
754
961
254
250
496
960
684
756
105
745
54
982
881
899
221
555
993
36
459
742
375
415
358
816
180
999
724
249
81
56
934
840
495
389
458
310
538
219
809
556
385
773
929
348
652
585
88
685
842
103
134
801
167
138
453
641
182
447
744
304
761
290
405
796
138
409
384
33
204
600
502
199
419
506
771
700
789
825
216
269
27
597
788
133
864
848
654
512
821
315
764
929
927
17
700
592
710
689
596
943
906
513
7
75
108
349
231
832
286
983
122
726
776
249
219
439
936
982
109
370
213
750
974
994
880
72
518
767
8
458
346
198
601
108
897
276
648
290
107
550
173
160
425
692
980
560
309
27
466
990
471
330
386
317
336
557
945
963
311
141
172
319
358
160
747
595
432
124
594
852
433
583
604
246
178
115
325
77
183
69
562
886
503
220
823
20
640
454
845
326
852
462
109
213
980
106
166
60
287
753
871
592
766
650
153
663
656
447
412
493
637
633
717
809
561
61
48
542
936
451
944
805
936
471
608
400
583
488
517
649
234
14
282
833
582
42
575
597
679
797
16
563
675
986
501
962
922
751
979
359
349
78
230
460
120
315
241
531
925
342
212
8
581
736
969
132
198
634
939
926
676
712
859
788
141
85
624
575
446
56
370
588
627
212
403
191
407
678
419
282
808
943
471
571
749
610
365
332
344
671
63
228
810
517
521
675
991
926
265
226
159
316
18
185
134
521
764
210
673
725
131
946
469
737
51
32
198
592
109
758
264
797
489
781
390
502
344
189
13
784
180
497
347
117
662
641
162
593
667
769
339
698
533
879
392
862
114
386
955
414
203
181
820
439
235
107
971
505
690
301
538
561
973
391
614
273
811
496
626
864
558
120
720
172
868
332
365
418
834
669
384
960
556
150
55
923
203
100
461
282
155
192
196
883
544
24
579
995
733
660
28
353
680
419
37
876
5
126
912
403
726
220
962
627
60
869
884
691
420
994
737
491
305
865
229
91
705
327
718
784
87
230
851
497
421
526
453
664
540
536
205
11
10
933
348
914
926
845
785
908
762
619
611
666
478
45
227
149
621
594
188
459
950
668
578
604
817
862
604
515
812
431
872
152
578
491
594
170
103
906
712
873
690
258
141
26
998
24
176
972
119
516
272
792
70
58
38
405
617
269
87
913
250
510
61
859
466
722
465
973
170
409
967
56
638
971
173
503
638
437
41
686
123
769
335
915
754
124
124
10
631
64
562
918
626
906
272
499
287
758
356
153
204
278
992
347
892
529
103
150
834
160
554
573
845
389
636
697
919
396
838
525
649
259
871
71
583
238
980
347
571
307
992
850
65
940
656
639
54
626
222
458
270
207
935
862
25
156
59
357
489
729
721
731
506
563
484
527
374
807
438
422
316
29
592
26
820
335
635
400
298
937
238
303
397
259
716
780
115
10
889
107
659
549
249
256
846
906
597
731
682
928
859
593
901
968
576
47
19
173
629
258
323
458
188
266
436
562
605
853
752
419
721
863
90
980
498
911
393
397
853
669
897
422
477
336
394
496
573
332
23
663
458
656
926
289
411
870
199
280
750
243
338
187
552
446
737
539
416
589
672
209
80
723
357
117
409
62
991
665
963
965
327
747
862
279
93
858
567
495
209
672
634
859
159
270
409
555
206
453
22
854
533
720
403
280
626
391
923
753
841
311
780
975
741
501
420
83
654
833
125
857
239
95
543
689
306
328
568
122
19
263
34
502
430
64
553
705
925
91
207
971
946
382
270
381
806
440
234
376
747
770
777
921
28
352
191
64
487
61
498
736
596
173
935
169
254
739
615
129
826
531
313
257
512
146
277
747
725
841
74
930
314
857
845
969
941
392
928
46
187
25
202
664
38
962
672
202
456
535
968
836
93
116
837
775
14
439
228
78
983
716
482
436
830
986
808
112
750
482
860
677
576
952
181
22
429
131
954
583
443
558
128
414
393
865
71
336
656
497
999
880
968
915
92
683
692
681
859
55
595
843
32
234
316
847
198
710
5
251
946
402
352
870
860
372
731
678
58
162
370
309
979
503
147
373
725
979
974
2
132
388
831
519
456
120
697
216
257
845
617
718
746
559
652
354
55
56
510
329
900
535
680
717
123
287
733
172
777
463
489
785
534
114
351
481
376
869
901
688
499
382
230
250
663
92
532
61
181
985
279
891
479
195
223
342
676
522
66
220
540
133
442
842
126
173
550
437
628
139
779
395
135
221
767
128
581
235
395
629
387
880
90
34
736
460
482
196
417
990
613
938
770
287
452
921
303
866
897
280
808
119
752
334
178
335
66
903
936
177
805
685
341
827
539
266
900
245
716
172
278
247
211
658
831
986
291
739
390
76
20
422
311
925
526
379
95
374
160
720
787
970
238
216
910
77
901
335
781
57
683
168
784
247
272
575
143
986
747
362
686
583
987
474
591
993
451
743
442
657
456
282
444
242
986
876
450
970
4
235
864
653
210
558
266
316
303
525
853
34
384
75
811
231
993
576
338
342
521
31
464
625
580
726
294
292
109
60
597
159
718
669
569
197
198
120
200
97
29
313
463
704
431
299
506
185
818
957
238
961
614
85
333
804
289
323
20
301
948
460
652
999
245
103
716
140
361
667
263
202
358
103
671
710
26
356
894
392
524
197
125
526
653
87
467
597
594
907
491
737
329
448
355
950
798
805
828
367
993
12
267
308
541
122
531
937
543
451
92
488
561
371
884
777
482
143
200
616
884
66
736
636
874
636
845
624
540
148
735
947
576
398
519
370
703
431
117
300
505
805
167
150
478
604
807
341
914
19
464
577
27
133
365
970
330
860
830
714
388
511
375
145
716
980
487
104
391
889
210
205
44
404
611
237
150
91
114
624
703
230
934
133
170
160
663
534
669
692
770
807
194
291
18
408
920
476
815
994
259
597
550
598
900
622
869
905
550
237
105
804
943
755
326
143
415
758
418
685
920
80
734
379
81
268
90
355
993
616
236
989
709
998
637
564
902
741
856
878
930
373
880
349
565
120
317
436
939
571
546
539
37
164
566
435
758
725
789
629
689
958
722
4
25
529
459
811
100
111
593
209
653
368
875
305
893
312
558
454
245
724
387
20
530
868
429
969
205
467
749
67
926
497
108
891
876
745
932
511
684
94
939
605
92
633
317
554
83
86
22
227
255
677
977
19
881
20
143
28
409
809
103
177
250
452
326
679
186
51
396
219
137
0
443
614
819
317
204
566
611
688
735
406
589
169
343
166
192
248
121
229
591
299
119
938
571
749
925
218
735
739
230
908
231
512
716
713
973
304
546
943
113
601
792
204
829
741
539
943
98
52
798
298
939
823
929
692
740
607
660
459
126
148
936
318
674
801
498
80
647
989
493
385
570
789
563
287
521
708
823
363
372
356
330
766
552
726
321
977
857
294
799
827
4
378
572
477
774
681
249
874
429
696
551
234
377
7
372
222
13
531
865
565
96
180
770
213
123
687
138
294
23
638
611
424
652
10
607
300
168
899
911
408
498
614
261
124
578
29
783
866
679
397
515
691
116
849
801
443
64
595
338
462
640
939
267
549
11
248
702
841
674
771
709
968
67
387
155
340
985
994
401
376
889
327
658
143
522
317
436
493
130
889
3
367
210
401
876
870
837
15
619
374
290
196
25
877
651
522
869
870
938
730
62
517
343
308
802
830
712
629
494
870
326
787
259
483
743
851
281
983
758
363
891
839
827
532
62
67
224
87
487
806
937
737
872
108
783
601
167
739
313
254
228
147
711
85
12
903
261
151
638
965
177
242
258
418
97
622
465
686
435
944
445
447
579
659
718
842
586
666
685
84
961
786
433
502
363
804
371
735
487
424
112
259
594
333
508
105
168
910
93
555
483
22
371
807
882
252
257
50
999
665
88
299
133
294
409
789
843
443
301
703
866
331
51
614
199
739
148
778
37
600
967
829
802
256
372
464
36
896
727
616
520
541
556
205
63
383
409
603
462
39
412
826
16
866
873
648
930
541
16
551
906
728
330
640
885
623
966
766
492
659
788
952
994
416
860
502
949
319
524
61
982
124
181
541
567
202
792
471
688
458
179
92
997
26
754
761
688
426
803
439
166
849
746
823
625
462
422
706
362
276
766
286
8
597
596
308
185
351
244
38
380
427
720
711
905
714
124
187
510
970
392
533
583
415
944
119
336
157
692
604
58
296
644
714
936
798
100
955
876
517
968
690
635
991
876
562
82
380
787
42
764
670
266
733
953
943
231
895
116
990
323
505
353
841
522
941
929
85
747
861
475
736
168
190
297
791
588
818
684
364
107
163
565
368
139
411
18
750
429
48
56
223
144
5
427
762
234
204
648
955
756
176
466
980
545
110
937
738
514
363
132
766
313
536
862
372
56
387
580
216
230
864
506
148
85
604
661
798
675
698
816
502
338
982
350
478
406
382
96
714
819
913
684
550
561
887
91
15
509
272
821
321
725
146
787
632
863
434
545
563
38
363
838
890
114
388
217
976
484
123
354
819
659
31
730
440
645
468
664
620
614
688
232
374
30
722
738
880
146
74
869
524
857
435
846
914
905
157
641
927
702
328
258
514
846
442
441
449
524
417
632
0
910
413
34
881
181
788
289
175
346
521
292
460
64
703
963
539
409
543
825
320
832
505
845
11
456
646
549
195
831
556
239
655
91
540
637
320
832
509
925
546
138
499
674
697
413
66
426
920
263
380
845
725
215
162
479
257
780
255
674
27
452
856
355
852
832
432
463
101
216
568
649
244
608
628
315
454
886
968
439
350
983
145
729
756
198
584
59
240
704
449
828
5
663
954
270
820
664
983
986
381
571
738
363
258
655
679
835
439
983
726
534
41
341
34
217
567
513
182
958
294
183
911
935
502
450
973
605
2
193
619
12
717
116
877
452
399
658
537
319
152
867
23
962
827
461
538
898
235
965
8
732
884
204
606
600
776
116
37
763
538
109
257
656
263
304
7
739
608
239
414
154
484
647
471
239
715
275
47
246
829
534
547
560
776
36
610
170
297
750
334
845
161
553
708
906
529
114
572
746
777
104
642
23
569
37
762
19
339
122
755
875
295
831
498
351
902
420
135
233
331
942
276
335
851
753
794
303
205
670
14
326
717
626
33
356
386
388
53
280
567
768
843
36
751
988
953
981
489
990
680
1
267
472
396
740
19
289
389
193
369
17
843
386
128
393
390
573
27
677
587
683
780
783
498
93
344
657
916
493
958
647
955
942
926
823
561
865
102
821
994
758
352
399
174
955
599
25
534
140
384
414
792
295
526
661
78
842
293
500
808
492
776
859
570
652
598
927
816
866
383
681
533
145
629
106
947
477
590
190
125
318
829
379
785
537
912
164
409
448
676
430
664
549
620
502
41
456
305
540
187
10
707
153
562
598
438
185
271
499
576
68
351
232
262
95
825
333
318
409
416
281
440
653
376
525
606
396
270
61
202
555
64
614
702
800
580
937
702
645
253
890
122
663
63
461
983
910
236
406
198
184
407
731
292
340
221
240
416
616
139
647
612
16
707
162
371
188
992
270
336
188
201
558
223
674
723
665
397
804
446
209
657
237
625
97
286
432
834
594
617
560
782
138
325
998
918
545
142
239
650
169
978
897
903
938
283
163
661
896
594
47
212
754
261
156
4
31
625
156
715
926
451
190
552
778
48
841
391
600
564
103
734
727
567
977
92
875
252
772
577
310
603
688
833
484
966
385
346
489
113
260
236
345
66
816
952
187
184
22
785
3
472
62
992
779
523
463
931
605
499
43
765
791
924
205
201
236
199
960
712
43
882
837
938
182
43
624
681
257
67
248
256
573
32
321
611
488
18
144
929
795
991
690
27
272
841
625
672
701
445
140
65
58
0
210
400
770
346
283
286
697
156
899
537
587
429
412
620
677
896
527
40
506
121
270
809
556
503
153
699
573
676
707
883
0
710
488
386
993
466
949
524
358
863
820
703
329
797
123
751
747
633
536
438
854
440
755
481
950
944
224
357
894
158
263
488
955
722
458
341
271
696
450
439
748
767
919
550
762
660
994
0
543
945
608
62
594
462
957
79
236
65
874
451
684
946
94
885
694
255
684
859
855
55
470
506
199
330
174
11
963
677
981
482
142
252
994
653
411
111
752
961
962
255
668
975
884
386
730
854
357
841
539
979
502
419
205
259
459
475
343
65
391
325
391
746
234
862
339
453
829
976
856
145
18
484
50
415
922
778
480
823
340
348
659
622
383
178
779
508
589
486
14
860
628
575
46
436
913
179
702
860
419
485
753
340
378
70
14
438
730
887
500
835
792
237
758
866
855
845
724
866
279
127
286
456
819
216
893
596
102
687
799
222
578
473
118
598
36
831
391
777
847
765
938
943
427
150
747
825
354
523
275
753
183
202
875
650
667
467
311
30
685
846
803
693
877
504
805
891
710
805
86
763
142
671
326
863
731
148
27
954
779
885
326
52
664
563
250
660
990
125
169
821
579
4
5
303
2
231
560
598
867
298
705
144
282
601
340
775
995
755
508
198
431
778
599
665
854
446
302
493
425
521
568
334
498
501
282
959
75
266
773
636
87
316
835
444
401
728
695
314
743
703
153
443
546
468
835
594
133
959
180
974
648
900
982
781
24
917
477
722
572
980
190
553
406
213
649
788
452
632
877
654
123
956
239
940
975
503
31
692
617
546
527
357
430
961
744
678
119
161
642
554
274
985
960
81
765
131
710
731
10
148
113
309
963
727
449
485
931
808
613
178
127
899
419
5
983
173
34
812
429
163
846
677
449
431
407
488
774
897
319
205
325
657
494
148
628
490
620
883
58
746
450
930
938
607
413
234
969
252
40
100
493
656
372
63
77
215
479
89
15
762
951
174
434
506
273
774
128
90
195
153
271
538
498
838
237
544
640
297
254
705
149
898
92
965
657
938
713
544
412
377
243
260
234
939
572
948
710
409
317
564
754
675
687
516
800
475
366
243
17
517
339
896
791
74
692
468
504
196
282
987
938
732
166
2
21
615
520
562
522
607
758
106
70
21
558
339
554
701
592
820
387
514
67
230
361
200
195
378
446
104
563
887
60
214
796
24
347
262
738
825
343
309
679
873
234
948
351
387
635
167
432
824
650
284
763
743
670
487
371
652
733
274
369
150
96
698
426
1
489
77
414
828
442
375
69
294
851
203
375
946
542
7
856
233
715
424
711
278
851
732
954
564
12
471
840
964
560
165
290
843
202
935
23
608
150
376
850
363
468
791
770
209
753
823
102
436
321
449
3
960
837
187
659
144
324
786
299
742
618
963
394
209
170
112
617
329
841
950
36
302
961
866
171
254
894
924
845
414
561
963
970
600
870
424
378
602
28
119
583
567
208
0
837
111
118
596
922
666
974
459
125
417
863
386
503
661
218
153
792
193
566
275
152
162
963
791
788
512
701
747
760
748
903
728
543
921
649
520
212
455
576
628
427
442
993
386
554
505
305
796
646
811
372
156
387
756
552
731
235
756
781
305
786
761
739
886
436
499
936
351
891
485
317
780
569
796
276
903
343
951
120
415
416
486
472
754
485
920
745
697
45
28
359
29
792
353
72
207
128
985
894
685
853
200
303
697
396
898
731
339
611
618
537
135
763
120
837
593
386
666
658
461
989
299
720
427
478
520
410
231
0
935
207
503
108
955
955
429
886
946
74
772
689
199
168
264
452
355
928
486
256
999
567
482
342
412
859
544
562
219
621
802
438
473
488
600
868
482
126
29
981
735
902
942
975
794
827
229
413
741
284
476
881
482
571
214
943
301
853
783
902
542
821
659
232
27
229
148
363
554
290
645
555
764
706
291
358
197
581
524
228
624
877
287
537
48
836
979
641
617
97
212
815
220
878
303
65
433
592
487
267
207
228
472
174
519
731
697
501
671
281
183
84
90
160
324
158
556
804
326
649
692
931
467
528
650
355
435
701
215
55
30
648
812
832
372
233
435
644
131
302
786
501
219
169
446
40
654
794
427
769
899
988
97
416
153
470
187
74
240
496
514
182
4
176
766
697
859
712
860
49
125
974
866
347
588
120
175
34
897
257
489
877
597
229
166
323
953
645
836
645
149
191
260
248
125
765
320
141
482
712
422
183
116
72
972
465
813
547
851
641
25
537
953
197
794
823
126
576
887
248
224
793
372
860
946
593
221
267
975
575
741
555
612
137
235
610
548
81
683
752
85
306
323
147
327
405
652
601
717
668
872
260
140
186
731
781
920
934
617
248
70
674
447
143
20
396
150
181
837
184
418
498
993
712
890
726
200
289
687
788
127
171
703
444
819
812
747
229
755
994
524
965
698
908
109
390
833
307
722
232
148
450
910
749
443
143
194
572
328
637
489
389
480
575
304
510
218
867
251
896
437
857
899
41
943
895
331
878
583
163
930
333
588
947
915
765
294
884
519
658
242
773
29
257
628
823
623
380
797
19
374
650
451
880
952
862
904
32
309
866
162
214
618
249
113
127
892
382
720
498
518
644
739
828
430
514
679
804
793
682
639
464
463
799
866
323
129
897
809
763
455
463
246
707
342
255
825
522
630
132
980
629
842
837
14
480
737
622
69
132
769
998
844
782
803
572
124
948
977
286
279
285
932
455
7
675
259
356
93
911
869
252
462
738
399
218
88
956
378
680
594
195
163
209
385
696
782
467
735
881
357
984
309
911
97
296
922
341
948
812
180
436
229
585
50
764
818
222
820
507
684
300
818
347
980
138
346
988
980
698
661
302
376
948
297
216
258
452
993
42
573
394
975
347
154
671
828
376
758
71
679
506
405
847
793
155
655
811
626
548
944
556
316
582
958
405
724
251
339
561
313
232
610
11
405
354
679
26
632
977
967
206
988
117
271
243
564
188
704
369
733
350
647
997
310
501
67
336
4
892
624
186
22
602
168
467
80
435
329
14
290
876
482
42
872
777
23
374
573
988
915
312
984
148
221
210
49
888
228
577
221
438
292
955
972
325
450
589
780
475
908
911
839
100
681
165
495
192
320
418
857
935
557
27
87
507
22
565
376
2
276
836
730
167
332
377
256
428
629
30
78
254
588
42
353
965
730
36
292
79
56
893
900
392
369
311
893
855
141
444
286
160
295
332
312
545
412
790
788
228
59
490
137
200
892
89
533
460
281
906
443
897
537
442
219
483
331
519
775
860
24
273
713
565
841
702
234
402
312
816
349
600
650
780
418
613
513
610
71
860
504
340
633
620
736
462
848
309
920
120
336
782
993
426
300
45
943
469
165
52
315
658
32
660
813
385
389
241
543
664
363
682
741
270
514
315
929
587
672
905
675
654
469
905
829
106
138
333
796
542
940
84
682
72
847
933
105
973
13
440
778
871
950
753
475
804
753
889
343
959
656
715
904
317
673
296
663
149
793
728
940
573
940
102
153
894
151
870
968
163
375
813
326
659
114
213
631
881
674
932
792
996
562
680
627
304
609
481
869
872
452
715
260
229
968
14
700
176
5
972
945
784
190
958
158
161
340
563
436
681
242
542
182
768
876
427
321
204
265
959
913
421
439
553
95
203
333
208
606
475
459
498
205
88
862
981
911
596
153
302
14
218
693
797
846
54
264
433
125
668
299
933
264
882
78
230
897
259
838
992
149
505
303
540
145
806
204
664
109
79
699
899
897
286
398
131
44
650
484
229
499
781
62
720
502
474
861
743
462
185
624
33
843
360
747
223
842
463
276
265
268
496
311
589
209
66
82
893
99
833
290
636
120
59
244
588
647
673
560
623
819
24
327
825
405
459
93
22
435
231
721
157
551
794
274
40
419
601
268
463
8
653
32
96
614
737
521
222
526
667
699
555
115
564
510
330
926
454
688
510
561
449
224
512
603
882
862
721
170
648
137
949
919
340
657
872
147
988
818
448
416
268
970
182
626
755
345
10
356
941
47
626
471
818
388
758
212
298
889
667
331
867
500
43
436
49
288
501
771
944
851
167
425
33
65
468
525
79
213
491
305
532
88
614
89
69
994
91
518
247
517
363
416
141
946
508
259
87
275
718
568
184
183
374
93
76
988
26
247
268
326
154
994
32
462
487
923
664
958
811
109
998
344
964
935
371
454
422
239
125
269
572
104
625
563
499
791
451
839
163
972
696
495
11
395
676
708
264
97
852
259
770
476
290
285
987
644
505
717
804
310
108
145
125
831
391
530
369
988
217
134
900
632
437
869
370
752
588
696
926
944
880
629
419
248
927
783
986
705
746
339
353
346
1
293
348
335
973
897
603
256
314
893
592
992
847
51
219
892
20
749
196
771
846
97
492
781
505
236
760
428
3
203
706
551
457
516
478
366
24
963
935
199
354
912
988
831
460
654
746
324
736
951
502
79
299
642
983
231
380
919
830
664
344
793
372
611
895
306
286
583
492
733
951
125
638
508
426
201
446
529
507
532
716
786
249
470
602
173
193
577
237
243
106
953
916
202
425
528
758
603
561
734
388
626
120
989
200
683
585
266
401
321
801
888
708
417
912
142
329
502
351
593
839
518
176
756
60
90
126
235
348
699
690
616
845
303
479
676
790
586
306
87
698
865
994
227
805
82
376
179
313
640
179
1
509
275
123
300
643
220
519
424
365
333
973
104
155
463
118
958
467
277
980
227
45
798
24
634
402
344
868
719
17
392
290
526
429
510
335
701
479
4
376
963
435
399
223
378
913
575
114
735
483
433
56
603
190
419
528
650
351
55
81
344
563
785
632
299
194
547
17
52
778
32
589
71
244
428
387
754
812
762
423
363
138
232
4
617
256
357
671
572
736
715
761
513
548
224
761
342
785
646
564
244
224
489
905
433
810
632
982
413
224
141
864
149
620
200
515
723
984
488
175
543
193
408
83
390
991
352
464
809
964
402
588
297
790
925
410
237
611
728
731
494
264
148
315
346
62
747
442
676
306
471
69
181
799
378
424
316
481
525
507
313
921
429
342
423
928
312
346
983
386
126
774
625
241
722
339
70
579
782
284
921
121
966
93
836
908
774
287
550
278
885
189
954
746
586
254
59
282
741
39
163
179
799
620
283
751
539
491
788
638
390
406
557
410
690
891
446
974
550
969
240
961
370
209
479
213
549
511
760
759
665
211
284
562
751
776
767
453
284
249
18
413
797
267
900
192
335
795
719
32
671
84
439
575
56
756
749
37
651
701
938
140
584
235
839
132
330
423
473
32
433
663
66
587
769
215
866
232
384
632
629
502
229
371
805
836
436
251
848
918
38
612
997
564
221
948
432
372
148
524
781
947
669
698
41
21
709
647
596
774
146
960
346
140
620
923
361
316
833
256
572
645
699
977
958
908
740
984
499
141
674
107
368
75
573
478
667
165
820
246
365
246
328
357
427
950
473
431
756
450
708
48
381
916
934
672
352
224
266
388
835
237
542
449
117
28
532
679
195
929
812
665
329
771
183
109
676
9
686
308
819
874
744
463
486
473
267
83
679
884
570
387
774
463
301
537
176
418
815
833
887
52
8
746
444
761
730
762
385
191
928
589
211
178
418
937
773
647
102
9
896
971
289
35
646
944
3
808
838
152
497
72
233
817
3
600
35
670
125
889
645
518
4
486
592
796
518
122
540
978
651
179
574
898
843
479
471
834
989
793
393
379
975
24
158
94
435
101
241
764
942
390
757
641
692
4
660
396
623
973
503
142
831
727
277
860
235
42
471
274
925
873
520
886
980
669
201
895
587
541
242
768
239
333
653
820
797
218
61
335
762
376
972
295
260
408
665
646
853
882
800
741
985
995
44
190
53
882
976
22
463
820
587
765
956
818
49
820
260
901
750
193
506
462
149
82
583
875
519
620
263
209
520
750
867
795
483
207
405
349
421
889
403
135
127
840
802
673
93
291
251
696
523
918
539
114
631
113
61
819
378
241
586
389
321
145
721
741
776
501
777
400
165
66
402
690
762
813
348
694
572
711
616
175
585
513
595
113
310
2
256
997
974
354
532
896
303
442
205
975
863
339
556
928
148
655
330
128
960
303
327
605
11
466
829
431
291
391
875
576
6
272
110
772
0
67
361
207
48
518
509
818
684
213
187
42
53
443
958
877
158
171
543
153
694
906
8
859
101
44
129
809
98
471
457
413
595
807
492
846
846
239
99
396
20
225
378
216
78
234
482
454
399
709
519
392
929
706
380
704
115
659
41
985
112
515
231
386
59
211
114
65
174
499
725
808
586
521
60
247
433
153
394
902
207
913
931
36
463
31
156
497
946
481
215
580
778
529
50
410
820
891
374
276
916
484
670
819
731
898
390
923
835
986
474
81
51
618
960
658
213
419
982
330
637
874
53
870
757
915
312
662
907
34
869
522
348
56
385
512
849
975
19
568
911
339
854
980
926
308
722
366
903
59
613
248
920
945
658
843
540
335
499
588
507
181
419
761
57
67
140
644
178
717
71
657
651
230
611
690
940
733
900
205
73
548
876
174
816
187
376
870
309
800
809
568
328
240
899
308
624
319
746
906
713
584
727
884
233
857
595
408
665
950
475
153
999
681
681
737
975
67
483
909
322
786
588
229
751
270
545
262
997
233
191
222
915
267
695
659
734
447
867
41
898
542
114
734
164
974
487
796
908
414
944
642
968
649
978
575
595
212
18
100
220
206
814
973
835
171
234
884
918
869
887
137
778
79
70
690
165
327
418
219
648
344
115
747
938
281
646
163
48
30
345
187
208
857
573
954
29
124
237
505
661
797
603
125
557
278
570
144
54
64
766
195
129
261
991
378
766
847
444
276
842
559
571
749
583
85
15
433
429
185
635
992
702
877
835
985
247
359
531
540
819
414
614
15
474
880
712
260
190
869
679
614
126
900
284
183
435
368
936
423
279
871
89
835
30
495
428
711
213
733
708
73
303
12
504
524
47
566
947
645
127
457
901
390
767
681
847
525
321
342
284
512
752
290
891
727
649
793
584
973
530
197
466
597
912
901
327
501
484
618
68
577
525
950
889
655
41
217
865
83
76
905
671
207
444
749
443
472
979
102
324
615
995
803
336
666
456
559
151
359
126
353
798
380
876
448
975
262
64
81
645
109
154
95
557
784
253
701
16
810
527
858
69
832
306
994
955
949
731
5
740
365
320
79
822
210
207
427
867
54
481
28
656
462
597
418
858
703
625
85
476
680
11
834
749
476
253
663
31
650
943
404
186
939
295
791
47
551
27
644
689
988
247
816
165
780
370
888
578
825
691
195
779
344
985
824
754
400
199
821
279
829
207
934
405
422
141
894
590
55
156
589
285
371
446
303
633
521
437
292
641
306
719
937
258
757
630
970
934
151
797
546
911
34
550
209
225
969
664
232
6
269
270
124
795
791
75
629
695
875
489
106
379
477
410
675
309
42
397
755
503
302
298
71
628
237
289
71
99
104
155
425
652
895
404
252
679
925
209
567
380
708
132
926
700
110
902
174
119
109
52
935
399
367
626
443
514
138
251
422
165
272
515
292
235
39
636
945
125
272
732
521
379
801
304
317
913
721
282
6
964
936
685
34
844
233
457
88
196
365
730
889
124
636
115
581
848
410
592
999
201
365
985
239
553
534
162
234
692
907
679
415
26
784
717
936
192
590
172
651
390
281
40
820
812
121
247
306
246
341
157
827
95
310
490
820
81
968
366
216
242
72
803
52
178
185
576
285
609
106
294
103
230
804
586
716
993
810
371
805
498
210
62
503
635
866
661
437
256
616
895
101
303
723
433
522
770
560
713
926
522
793
563
410
213
936
348
147
560
476
244
642
584
998
249
937
121
139
710
461
274
973
498
908
56
328
213
684
150
502
894
614
838
512
255
341
890
442
226
655
19
986
493
415
475
477
184
996
621
117
943
545
442
314
907
250
519
684
651
768
585
754
873
361
115
267
151
159
734
591
47
483
727
24
890
38
295
346
360
404
468
420
974
349
428
67
574
857
441
138
768
703
752
191
703
995
428
44
846
74
424
793
248
643
297
987
143
467
537
307
805
5
496
749
14
92
997
59
751
278
147
678
711
512
446
793
19
224
437
802
784
763
529
77
993
467
227
302
313
28
133
667
418
683
318
148
324
347
81
864
977
806
815
525
741
613
512
339
67
988
265
230
226
13
256
471
782
543
291
278
227
227
990
589
269
410
43
148
395
894
619
4
449
108
315
50
868
427
458
787
241
780
518
22
863
885
783
499
203
732
675
262
281
348
904
935
712
895
209
193
455
873
400
572
667
852
873
330
402
717
287
147
74
306
759
678
203
79
578
588
467
620
289
34
240
252
545
979
232
5
157
351
188
407
891
285
499
682
63
784
275
464
499
33
258
716
944
752
250
390
742
960
923
653
471
863
363
63
202
430
752
608
684
139
886
764
16
185
228
483
399
209
257
128
123
183
68
109
741
891
361
319
727
466
927
810
403
848
590
937
42
380
558
316
776
41
58
342
221
141
428
697
719
80
442
848
618
362
518
17
970
816
691
950
144
741
635
255
847
818
701
381
874
554
388
53
975
844
931
591
827
989
293
882
281
953
609
630
702
886
794
285
875
589
524
854
541
550
338
424
17
568
829
176
489
618
311
991
363
320
358
603
41
709
324
424
75
897
674
867
504
815
557
339
924
286
193
508
731
962
241
897
828
358
353
846
280
16
195
791
114
610
93
808
297
824
116
737
960
611
154
158
78
353
506
977
681
590
765
324
862
899
964
951
91
937
93
730
366
274
772
912
310
117
518
968
383
908
979
969
771
523
820
97
516
871
695
946
150
401
84
417
561
638
655
597
284
100
534
497
237
187
301
693
621
757
101
479
784
123
883
482
506
334
428
952
653
15
646
690
767
412
690
8
473
623
958
62
898
148
455
14
137
950
363
340
954
199
764
195
439
115
481
617
760
536
175
609
574
540
36
725
640
346
516
133
401
818
404
536
481
340
780
422
95
345
418
785
792
678
889
318
969
694
753
163
601
323
279
102
626
953
421
639
438
927
573
339
365
547
366
815
205
360
297
341
323
630
734
102
797
47
327
644
18
226
182
811
161
837
706
427
14
763
341
836
395
992
881
471
99
405
152
621
713
501
779
799
272
907
82
752
916
341
458
875
61
585
341
212
492
146
492
166
957
231
951
737
396
144
868
957
565
422
406
71
19
134
789
535
946
594
859
76
57
45
983
805
38
96
579
780
845
205
431
561
948
799
88
961
637
852
11
128
215
177
19
754
862
440
891
26
390
560
214
613
31
409
977
758
42
987
945
847
330
914
617
360
238
608
28
655
419
383
113
397
214
225
53
417
414
422
730
643
24
185
356
87
60
528
36
83
293
894
342
991
526
446
869
873
352
982
343
473
648
590
715
408
861
835
982
568
263
829
268
423
43
313
828
398
83
219
221
352
650
276
140
954
829
724
240
542
477
941
788
451
994
476
379
508
873
84
787
923
37
472
256
730
188
788
352
630
856
449
439
513
230
603
377
250
459
769
596
459
306
337
473
55
99
261
335
326
213
742
423
230
844
635
847
359
406
694
478
588
687
131
390
801
556
502
887
429
604
304
983
621
443
717
648
98
872
582
178
833
486
46
896
181
112
643
751
467
54
362
680
882
548
951
246
13
297
848
83
678
413
117
413
824
739
871
950
857
766
946
929
810
824
552
952
405
357
923
531
418
823
734
786
734
163
680
836
312
112
839
600
425
416
685
136
80
734
633
798
183
71
453
207
389
446
352
916
193
480
247
487
48
318
300
218
603
432
859
563
976
678
333
123
938
786
363
886
192
305
545
598
880
41
700
352
518
901
65
128
717
99
916
231
536
302
994
306
13
591
755
647
910
62
607
785
918
687
676
650
797
896
601
560
368
302
75
776
576
88
209
295
869
67
429
8
950
948
898
263
672
988
373
876
705
629
137
331
440
515
875
585
210
310
910
809
963
468
532
500
80
555
99
158
997
668
919
5
920
515
17
693
616
907
516
199
915
759
551
280
835
458
652
181
445
552
205
165
558
558
454
919
185
987
890
713
209
402
125
242
680
808
571
696
114
712
844
67
121
686
981
891
685
313
124
444
328
1
496
319
691
375
826
869
280
908
748
452
926
50
260
676
546
231
532
627
240
375
450
268
574
401
327
15
689
194
559
562
495
158
884
228
544
661
142
754
25
873
443
923
518
318
287
414
708
323
504
523
864
229
185
327
671
770
641
65
652
42
431
289
783
370
269
601
856
587
325
435
128
399
788
433
103
715
682
852
848
784
379
164
597
28
526
463
960
725
719
725
640
262
874
775
140
962
862
655
287
269
148
771
568
801
907
540
460
934
554
275
738
275
449
578
563
185
820
696
269
328
740
966
666
136
452
207
49
273
549
869
537
694
198
982
614
532
524
974
105
121
706
965
904
224
941
889
431
552
311
750
185
124
190
698
247
454
736
493
364
876
453
398
794
4
928
313
285
836
203
763
859
482
951
248
420
298
549
124
203
950
732
398
81
855
695
995
610
202
746
6
350
758
945
837
39
74
253
455
202
899
252
681
140
227
12
872
82
478
547
384
445
557
302
363
768
805
276
798
655
698
839
933
798
204
566
15
579
988
881
684
529
456
819
586
762
578
141
783
192
551
501
545
391
683
370
553
179
273
330
191
562
912
386
766
686
658
793
656
202
38
657
756
469
805
227
155
631
337
567
955
871
209
317
211
607
634
275
613
326
328
371
793
632
402
975
566
619
155
844
427
192
92
761
164
395
766
874
448
473
758
597
375
414
978
664
313
176
207
37
746
508
861
996
849
587
970
51
8
712
387
564
142
513
842
387
39
119
520
122
509
939
331
76
664
991
811
202
848
495
95
437
564
818
461
177
667
465
990
705
448
114
335
933
947
785
940
989
641
316
967
633
213
850
574
679
392
95
811
695
557
486
500
862
855
468
867
309
699
852
753
222
530
349
771
539
191
132
790
531
327
39
622
761
742
528
330
450
733
698
844
307
257
771
620
197
24
5
724
486
845
178
830
589
459
572
386
498
741
7
340
7
100
916
794
799
2
450
66
570
867
547
818
482
611
424
442
69
154
650
267
447
228
238
579
227
110
188
256
278
291
589
178
800
460
550
182
991
381
805
508
322
196
423
90
936
293
411
409
250
41
927
69
291
549
69
131
515
455
969
411
970
155
626
572
63
19
314
518
797
341
956
35
351
254
177
407
304
596
535
535
121
906
951
550
112
556
281
585
833
346
814
28
820
242
682
926
714
766
284
872
61
444
819
883
988
188
198
934
608
388
952
7
470
16
183
65
496
853
576
99
514
332
976
321
790
700
825
124
917
504
511
805
243
823
846
168
997
699
138
515
834
553
387
76
763
343
75
298
952
828
308
172
361
648
499
286
446
956
243
939
939
477
552
684
203
194
569
597
503
669
881
833
227
495
242
36
462
779
182
286
853
100
51
720
915
2
474
910
278
88
485
269
976
41
275
942
48
785
697
8
221
968
774
236
992
249
843
698
747
145
525
745
297
554
560
699
42
255
346
534
531
58
274
319
641
409
163
858
536
280
233
940
396
167
990
569
515
940
569
90
341
236
707
678
793
834
216
329
277
282
495
258
641
103
6
677
121
568
533
874
773
82
684
149
463
135
204
76
601
380
527
415
992
184
990
289
209
888
93
110
126
991
108
93
596
43
525
500
300
315
852
778
589
372
0
47
291
971
461
552
758
548
828
287
105
153
528
176
948
399
637
974
777
98
798
923
488
569
171
654
255
996
902
199
202
650
648
374
443
743
653
218
422
202
329
53
787
180
749
172
640
436
130
749
890
464
449
801
633
167
460
337
598
497
629
428
561
367
721
502
147
47
367
893
364
320
235
157
234
628
898
835
400
43
66
759
614
204
344
50
603
527
685
391
363
805
197
734
814
401
477
435
328
72
41
894
94
667
631
355
531
270
587
169
607
472
144
568
745
347
696
115
217
725
312
414
45
173
379
353
725
258
618
865
5
5
788
880
143
23
912
499
250
572
644
985
371
639
744
28
574
447
748
512
873
543
323
728
941
100
435
744
650
663
994
853
222
314
303
776
938
823
993
233
57
540
376
