1000
1000
999
999
995
995
995
993
993
992
990
989
988
985
985
984
983
981
978
978
976
976
972
969
967
966
966
966
965
965
964
963
963
963
962
960
960
957
956
955
955
954
953
953
953
953
953
952
952
950
950
949
949
948
948
946
942
942
941
940
939
938
938
937
936
934
930
929
928
927
925
925
924
923
922
921
921
919
918
918
915
915
914
913
912
912
910
910
910
910
908
908
908
908
908
907
905
904
903
903
902
902
901
901
898
898
898
897
897
897
894
893
892
891
891
889
889
887
885
885
884
882
882
878
878
877
877
872
871
869
868
868
867
867
866
865
865
864
863
862
862
861
860
860
857
857
857
857
856
854
854
852
850
848
847
847
846
845
845
844
844
842
841
841
840
839
839
838
837
837
835
835
835
833
830
827
827
827
826
826
825
824
823
823
823
821
819
818
815
814
812
811
811
810
808
807
806
806
806
805
804
803
801
801
801
800
799
799
797
796
795
795
794
793
792
792
789
785
785
783
783
783
782
780
779
778
778
776
776
776
774
773
772
771
769
765
764
763
761
761
759
755
754
753
751
751
750
750
749
747
747
747
746
746
744
743
742
741
740
739
738
738
737
736
734
734
734
732
730
729
729
729
729
729
728
728
726
726
726
726
726
724
724
723
720
720
720
719
719
718
718
718
715
713
712
711
710
709
709
709
709
708
707
706
705
705
703
702
700
700
699
696
696
695
695
695
694
694
694
693
693
692
691
690
690
689
688
688
687
682
680
680
679
678
675
675
673
673
672
671
670
669
666
663
663
662
662
662
660
659
655
654
654
653
650
650
649
649
648
648
648
648
645
645
644
644
643
642
642
642
641
640
639
636
636
634
634
630
629
628
628
627
627
626
626
625
622
621
621
619
619
618
618
618
614
614
613
612
612
611
609
608
608
607
606
605
604
604
604
599
599
597
596
596
595
595
594
593
593
591
590
589
586
586
585
585
585
584
583
583
580
580
580
580
579
577
576
574
574
574
574
573
572
570
570
570
570
569
568
567
567
565
564
564
563
563
562
560
558
556
554
549
547
547
546
545
545
544
542
541
541
540
540
539
538
537
537
537
534
533
533
531
528
527
527
523
522
521
520
519
518
515
515
515
515
515
514
511
510
510
510
509
508
507
507
506
504
503
502
500
500
499
497
497
496
495
495
492
492
492
490
490
489
486
486
485
484
484
480
476
472
472
470
469
468
468
468
466
466
464
463
462
460
460
460
456
455
455
454
454
452
452
452
451
450
450
449
446
446
445
444
443
440
439
439
438
437
436
436
436
434
433
433
433
432
429
428
428
424
421
420
419
418
415
413
412
412
408
407
407
406
406
404
404
404
403
401
399
399
398
397
396
395
395
394
394
392
391
391
388
388
388
387
387
385
384
384
383
383
383
383
381
378
377
376
376
376
376
376
375
374
374
373
372
370
369
369
368
368
368
368
366
366
365
365
364
364
363
363
363
361
360
360
358
356
356
355
355
353
353
352
351
349
349
348
348
348
347
346
346
345
344
344
343
341
341
341
340
339
337
333
330
330
329
329
328
328
328
328
327
326
325
325
325
324
324
324
321
320
319
319
318
316
315
315
314
313
312
310
308
308
307
306
304
303
303
302
301
301
301
299
297
297
295
295
292
291
291
288
287
286
285
284
284
284
283
283
280
277
276
273
273
273
272
272
272
270
267
266
266
262
260
259
258
256
254
254
253
252
251
249
249
248
248
246
244
241
241
241
236
236
235
235
234
233
233
232
231
231
230
229
229
228
228
226
225
224
224
223
221
221
221
220
218
217
217
216
216
215
213
212
212
211
210
208
207
205
203
202
201
200
199
199
195
195
195
194
193
193
191
191
191
189
189
187
185
185
185
182
182
181
180
180
180
179
178
176
176
175
173
173
172
168
166
162
162
162
160
159
155
153
153
149
149
147
147
146
144
144
143
143
142
142
141
140
140
140
139
139
135
134
133
131
131
130
129
128
124
124
123
122
122
121
121
117
116
116
116
116
116
115
114
114
114
113
107
105
104
103
103
102
102
102
101
100
100
99
98
97
97
97
95
94
92
91
91
90
90
90
87
87
87
87
86
85
81
80
79
78
78
75
75
72
72
71
71
70
70
70
68
68
67
67
66
65
63
63
60
59
59
58
57
57
55
54
54
54
54
53
52
50
48
46
46
44
42
41
40
39
38
38
38
35
34
33
33
30
30
29
29
28
27
26
24
24
24
22
21
18
18
17
16
14
10
10
9
5
4
4
1