954
255
643
788
922
210
643
640
398
387
933
609
460
157
974
85
119
785
808
461
68
237
321
354
335
293
856
851
948
633
394
292
201
691
794
727
608
331
560
520
979
185
784
359
424
365
987
103
652
646
395
462
636
430
719
609
206
807
614
278
606
813
185
517
508
174
545
443
67
890
928
868
557
171
491
660
201
105
740
363
439
925
247
291
698
880
210
559
4
111
767
57
488
5
126
816
584
813
651
21
558
138
376
672
136
822
787
68
453
371
967
387
35
657
536
791
123
941
776
839
637
58
223
570
181
830
159
123
239
980
693
152
894
393
51
913
560
989
323
202
893
912
622
157
670
959
947
415
339
242
779
525
757
875
144
235
418
476
870
40
622
197
674
546
838
2
87
969
368
717
375
747
631
501
158
52
979
10
523
151
109
931
392
493
208
366
984
960
818
891
344
37
153
166
814
133
11
96
846
454
942
345
956
50
775
972
515
276
782
990
844
346
133
324
714
427
25
272
354
527
858
7
809
29
821
339
861
13
512
472
613
195
165
221
845
36
88
26
121
641
763
816
58
701
169
0
543
228
926
188
507
490
981
692
556
588
716
463
764
607
474
367
768
828
137
998
494
437
327
498
539
15
318
699
410
211
858
133
1
307
347
999
766
301
8
974
198
23
636
790
342
431
93
543
699
245
406
296
627
265
215
930
550
130
603
523
511
762
791
318
653
283
674
572
975
541
983
641
604
192
215
421
487
489
700
629
201
763
896
837
585
547
453
421
286
927
678
269
870
483
265
454
535
738
272
151
970
494
949
224
111
901
131
383
899
880
795
933
375
680
708
659
659
431
604
430
447
977
571
661
697
61
527
259
722
84
513
181
939
172
182
545
838
857
2
905
703
673
287
283
489
618
852
550
357
835
353
995
869
316
958
877
382
98
578
935
652
67
489
417
807
402
815
750
795
672
490
293
6
863
524
402
803
652
325
449
475
937
839
814
747
948
651
419
352
543
945
479
551
692
84
416
745
533
972
213
212
134
389
322
285
24
405
480
712
298
115
80
450
37
643
348
526
941
54
35
732
8
718
87
808
604
78
829
118
497
776
864
75
703
201
906
414
501
415
752
798
984
730
248
53
445
200
730
962
939
187
632
852
200
957
899
394
54
852
204
792
673
152
556
300
744
416
65
119
605
845
629
543
203
71
420
480
723
403
682
203
819
918
366
447
419
619
495
691
982
696
650
701
746
919
693
645
979
744
587
827
578
292
957
200
333
932
217
728
844
40
257
692
983
763
714
510
943
595
135
13
272
503
706
249
431
386
535
536
166
756
677
479
841
879
346
196
724
742
186
656
419
362
691
386
157
894
719
198
878
874
639
781
824
710
489
782
309
756
942
650
916
303
139
261
389
979
753
225
35
226
947
508
469
957
964
385
648
476
522
412
965
516
363
799
562
135
874
618
120
106
678
703
625
175
471
187
867
83
726
465
782
762
697
601
285
230
479
453
684
799
62
451
87
692
278
823
387
911
713
552
628
695
450
43
793
575
984
189
967
988
541
9
441
155
119
521
705
649
802
82
54
692
471
248
489
303
982
648
877
123
35
445
892
736
32
49
560
915
871
221
925
777
826
901
624
970
617
554
827
953
271
739
464
783
882
150
999
952
157
319
942
717
444
51
644
960
835
743
987
303
202
129
864
711
849
192
943
217
828
560
327
314
452
533
912
445
274
913
901
91
840
968
865
483
278
704
242
180
86
903
493
159
149
812
124
673
814
207
3
446
860
725
683
626
739
300
288
184
148
373
574
285
212
479
595
815
383
943
720
296
222
173
985
374
195
563
143
172
708
823
135
755
828
887
873
274
929
644
14
662
475
678
726
346
539
375
78
271
803
869
611
814
191
311
261
698
296
56
723
140
217
657
151
46
456
257
517
865
947
216
21
561
235
609
43
773
634
534
599
133
101
573
326
5
366
895
741
310
128
49
692
396
239
876
359
602
860
424
916
904
755
949
986
143
417
105
183
419
421
470
459
7
241
291
950
207
493
186
419
990
584
898
416
264
604
11
371
850
285
110
986
902
798
175
575
834
768
531
438
384
775
860
245
720
572
803
895
481
256
260
508
702
948
669
337
389
962
633
343
924
839
617
859
428
144
938
465
560
253
794
742
446
998
467
913
11
777
738
612
878
285
417
645
122
967
376
380
111
358
403
896
227
773
853
154
481
804
250
317
275
963
497
89
252
333
121
699
126
340
419
226
826
359
981
433
175
477
262
324
337
148
21
576
