0
1
2
2
3
4
5
5
6
7
7
8
8
9
10
11
11
11
13
13
14
15
21
21
21
23
24
25
26
29
32
35
35
35
35
36
37
37
40
40
43
43
46
49
49
50
51
51
52
53
54
54
54
56
57
58
58
61
62
65
67
67
68
68
71
75
78
78
80
82
83
84
84
85
86
87
87
87
88
89
91
93
96
98
101
103
105
105
106
109
110
111
111
111
115
118
119
119
119
120
121
121
122
123
123
123
124
126
126
128
129
130
131
133
133
133
133
134
135
135
135
136
137
138
139
140
143
143
144
144
148
148
149
150
151
151
151
152
152
153
154
155
157
157
157
157
158
159
159
165
166
166
169
171
172
172
173
174
175
175
175
180
181
181
182
183
184
185
185
186
186
187
187
188
189
191
192
192
195
195
196
197
198
198
200
200
200
201
201
201
201
202
202
203
203
204
206
207
207
208
210
210
211
212
212
213
215
215
216
217
217
217
221
221
222
223
224
225
226
226
227
228
230
235
235
237
239
239
241
242
242
245
245
247
248
248
249
250
252
253
255
256
257
257
259
260
261
261
262
264
265
265
269
271
271
272
272
272
274
274
275
276
278
278
278
283
283
285
285
285
285
285
286
287
288
291
291
292
292
293
293
296
296
296
298
300
300
301
303
303
303
307
309
310
311
314
316
317
318
318
319
321
322
323
324
324
325
326
327
327
331
333
333
335
337
337
339
339
340
342
343
344
345
346
346
346
347
348
352
353
354
354
357
358
359
359
359
362
363
363
365
366
366
366
367
368
371
371
373
374
375
375
375
376
376
380
382
383
383
384
385
386
386
387
387
387
389
389
389
392
393
394
394
395
396
398
402
402
403
403
405
406
410
412
414
415
415
416
416
416
417
417
417
418
419
419
419
419
419
419
420
421
421
421
424
424
427
428
430
430
431
431
431
433
437
438
439
441
443
444
445
445
445
446
446
447
447
449
450
450
451
452
453
453
453
454
454
456
459
460
461
462
463
464
465
465
467
469
470
471
471
472
474
475
475
476
476
477
479
479
479
479
480
480
481
481
483
483
487
488
489
489
489
489
489
490
490
491
493
493
493
494
494
495
497
497
498
501
501
503
507
508
508
508
510
511
512
513
515
516
517
517
520
521
522
523
523
524
525
526
527
527
531
533
533
534
535
535
536
536
539
539
541
541
543
543
543
543
545
545
546
547
550
550
551
552
554
556
556
557
558
559
560
560
560
560
560
561
562
563
570
571
572
572
573
574
575
575
576
578
578
584
584
585
587
588
595
595
599
601
602
603
604
604
604
604
605
606
607
608
609
609
609
611
612
613
614
617
617
618
618
619
622
622
624
625
626
627
628
629
629
631
632
633
633
634
636
636
637
639
640
641
641
643
643
643
644
644
645
645
646
648
648
649
650
650
651
651
652
652
652
653
656
657
657
659
659
660
661
662
669
670
672
672
673
673
673
674
674
677
678
678
678
680
682
683
684
691
691
691
692
692
692
692
692
692
693
693
695
696
697
697
698
698
699
699
699
700
701
701
702
703
703
703
704
705
706
708
708
710
711
712
713
714
714
716
717
717
718
719
719
720
720
722
723
723
724
725
726
726
727
728
730
730
732
736
738
738
739
739
740
741
742
742
743
744
744
745
746
747
747
750
752
753
755
755
756
756
757
762
762
763
763
763
764
766
767
768
768
773
773
775
775
776
776
777
777
779
781
782
782
782
783
784
785
787
788
790
791
791
792
793
794
794
795
795
798
798
799
799
802
803
803
803
804
807
807
808
808
809
812
813
813
814
814
814
814
815
815
816
816
818
819
821
822
823
823
824
826
826
827
827
828
828
828
829
830
834
835
835
837
838
838
839
839
839
840
841
844
844
845
845
846
849
850
851
852
852
852
853
856
857
858
858
859
860
860
860
861
863
864
864
865
865
867
868
869
869
870
870
871
873
874
874
875
876
877
877
878
878
879
880
880
882
887
890
891
892
893
894
894
895
895
896
896
898
899
899
901
901
901
902
903
904
905
906
911
912
912
913
913
913
915
916
916
918
919
922
924
925
925
926
927
928
929
930
931
932
933
933
935
937
938
939
939
941
941
942
942
942
943
943
943
945
947
947
947
948
948
948
949
949
950
952
953
954
956
957
957
957
958
959
960
960
962
962
963
964
965
967
967
967
968
969
970
970
972
972
974
974
975
977
979
979
979
979
980
981
981
982
982
983
983
984
984
984
985
986
986
987
987
988
989
990
990
995
998
998
999
999
