1
4
4
5
9
10
10
14
16
17
18
18
21
22
24
24
24
26
27
28
29
29
30
30
33
33
34
35
38
38
38
39
40
41
42
44
46
46
48
50
52
53
54
54
54
54
55
57
57
58
59
59
60
63
63
65
66
67
67
68
68
70
70
70
71
71
72
72
75
75
78
78
79
80
81
85
86
87
87
87
87
90
90
90
91
91
92
94
95
97
97
97
98
99
100
100
101
102
102
102
103
103
104
105
107
113
114
114
114
115
116
116
116
116
116
117
121
121
122
122
123
124
124
128
129
130
131
131
133
134
135
139
139
140
140
140
141
142
142
143
143
144
144
146
147
147
149
149
153
153
155
159
160
162
162
162
166
168
172
173
173
175
176
176
178
179
180
180
180
181
182
182
185
185
185
187
189
189
191
191
191
193
193
194
195
195
195
199
199
200
201
202
203
205
207
208
210
211
212
212
213
215
216
216
217
217
218
220
221
221
221
223
224
224
225
226
228
228
229
229
230
231
231
232
233
233
234
235
235
236
236
241
241
241
244
246
248
248
249
249
251
252
253
254
254
256
258
259
260
262
266
266
267
270
272
272
272
273
273
273
276
277
280
283
283
284
284
284
285
286
287
288
291
291
292
295
295
297
297
299
301
301
301
302
303
303
304
306
307
308
308
310
312
313
314
315
315
316
318
319
319
320
321
324
324
324
325
325
325
326
327
328
328
328
328
329
329
330
330
333
337
339
340
341
341
341
343
344
344
345
346
346
347
348
348
348
349
349
351
352
353
353
355
355
356
356
358
360
360
361
363
363
363
364
364
365
365
366
366
368
368
368
368
369
369
370
372
373
374
374
375
376
376
376
376
376
377
378
381
383
383
383
383
384
384
385
387
387
388
388
388
391
391
392
394
394
395
395
396
397
398
399
399
401
403
404
404
404
406
406
407
407
408
412
412
413
415
418
419
420
421
424
428
428
429
432
433
433
433
434
436
436
436
437
438
439
439
440
443
444
445
446
446
449
450
450
451
452
452
452
454
454
455
455
456
460
460
460
462
463
464
466
466
468
468
468
469
470
472
472
476
480
484
484
485
486
486
489
490
490
492
492
492
495
495
496
497
497
499
500
500
502
503
504
506
507
507
508
509
510
510
510
511
514
515
515
515
515
515
518
519
520
521
522
523
527
527
528
531
533
533
534
537
537
537
538
539
540
540
541
541
542
544
545
545
546
547
547
549
554
556
558
560
562
563
563
564
564
565
567
567
568
569
570
570
570
570
572
573
574
574
574
574
576
577
579
580
580
580
580
583
583
584
585
585
585
586
586
589
590
591
593
593
594
595
595
596
596
597
599
599
604
604
604
605
606
607
608
608
609
611
612
612
613
614
614
618
618
618
619
619
621
621
622
625
626
626
627
627
628
628
629
630
634
634
636
636
639
640
641
642
642
642
643
644
644
645
645
648
648
648
648
649
649
650
650
653
654
654
655
659
660
662
662
662
663
663
666
669
670
671
672
673
673
675
675
678
679
680
680
682
687
688
688
689
690
690
691
692
693
693
694
694
694
695
695
695
696
696
699
700
700
702
703
705
705
706
707
708
709
709
709
709
710
711
712
713
715
718
718
718
719
719
720
720
720
723
724
724
726
726
726
726
726
728
728
729
729
729
729
729
730
732
734
734
734
736
737
738
738
739
740
741
742
743
744
746
746
747
747
747
749
750
750
751
751
753
754
755
759
761
761
763
764
765
769
771
772
773
774
776
776
776
778
778
779
780
782
783
783
783
785
785
789
792
792
793
794
795
795
796
797
799
799
800
801
801
801
803
804
805
806
806
806
807
808
810
811
811
812
814
815
818
819
821
823
823
823
824
825
826
826
827
827
827
830
833
835
835
835
837
837
838
839
839
840
841
841
842
844
844
845
845
846
847
847
848
850
852
854
854
856
857
857
857
857
860
860
861
862
862
863
864
865
865
866
867
867
868
868
869
871
872
877
877
878
878
882
882
884
885
885
887
889
889
891
891
892
893
894
897
897
897
898
898
898
901
901
902
902
903
903
904
905
907
908
908
908
908
908
910
910
910
910
912
912
913
914
915
915
918
918
919
921
921
922
923
924
925
925
927
928
929
930
934
936
937
938
938
939
940
941
942
942
946
948
948
949
949
950
950
952
952
953
953
953
953
953
954
955
955
956
957
960
960
962
963
963
963
964
965
965
966
966
966
967
969
972
976
976
978
978
981
983
984
985
985
988
989
990
992
993
993
995
995
995
999
999
1000
1000
